0 0.063341
1 0.63313
2 1.2657
3 1.8975
4 2.5288
5 3.1595
6 3.7895
7 4.4189
8 5.0477
9 5.6759
10 6.3034
11 6.9303
12 7.5566
13 8.1822
14 8.8072
15 9.4317
16 10.055
17 10.679
18 11.301
19 11.923
20 12.545
21 13.166
22 13.786
23 14.406
24 15.024
25 15.642
26 16.259
27 16.875
28 17.491
29 18.105
30 18.718
31 19.33
32 19.942
33 20.552
34 21.161
35 21.77
36 22.377
37 22.983
38 23.588
39 24.192
40 24.794
41 25.396
42 25.996
43 26.596
44 27.194
45 27.791
46 28.386
47 28.981
48 29.574
49 30.166
50 30.757
51 31.346
52 31.935
53 32.522
54 33.107
55 33.692
56 34.275
57 34.857
58 35.438
59 36.018
60 36.596
61 37.174
62 37.75
63 38.325
64 38.899
65 39.472
66 40.044
67 40.615
68 41.185
69 41.753
70 42.321
71 42.887
72 43.452
73 44.016
74 44.579
75 45.141
76 45.702
77 46.261
78 46.819
79 47.376
80 47.931
81 48.485
82 49.038
83 49.589
84 50.139
85 50.687
86 51.234
87 51.78
88 52.324
89 52.867
90 53.408
91 53.948
92 54.486
93 55.023
94 55.558
95 56.092
96 56.625
97 57.156
98 57.685
99 58.213
100 58.74
101 59.265