0 0.063341
2 1.2657
4 2.5288
6 3.7895
8 5.0477
10 6.3034
12 7.5566
14 8.8072
16 10.055
18 11.301
20 12.545
22 13.786
24 15.024
26 16.259
28 17.491
30 18.718
32 19.942
34 21.161
36 22.377
38 23.588
40 24.794
42 25.996
44 27.194
46 28.386
48 29.574
50 30.757
52 31.935
54 33.107
56 34.275
58 35.438
60 36.596
62 37.75
64 38.899
66 40.044
68 41.185
70 42.321
72 43.452
74 44.579
76 45.702
78 46.819
80 47.931
82 49.038
84 50.139
86 51.234
88 52.324
90 53.408
92 54.486
94 55.558
96 56.625
98 57.685
100 58.74